0 # week exist atlas demarc dial cogent-other non-cogent NXDOMAIN SERVFAIL REFUSED timeout alias no-PTR anomaly-lines-of-text
1 554980 41447 6311 0 630 506592 16280775 683250 7016 300728 9794 8815 1747
2 445485 41426 6253 0 630 397176 16269699 638910 12703 316731 8985 16610 714
3 449316 41679 6307 0 633 400697 16273502 642828 14485 317023 9755 8475 1102
4 447599 41829 6300 0 635 398835 16273433 636024 15957 314722 10229 20578 1002
5 447091 41891 6298 0 632 398270 16231243 632099 17321 306804 10012 16823 1009
6 449420 41982 6292 0 632 400514 16251288 619730 8316 340506 9214 23343 1865
7 447725 41796 6255 0 637 399037 16277060 650033 9086 319726 9888 11641 3189
8 448117 41940 6287 0 639 399251 16268363 679355 9480 283240 9115 10873 1737
9 355373 37966 4183 0 580 312644 12830907 480137 8532 211270 6579 21584 1425
10 216762 17473 1344 0 259 197686 7690535 352018 5151 164033 4960 3591 1116
11 459184 45691 6286 0 650 406557 16279541 637631 21073 274838 9071 27681 1197
12 458204 45771 6280 0 643 405510 16287457 667219 10944 280779 9627 12049 1766
13 458305 45692 6261 0 632 405720 16301831 633135 16314 304058 9035 13377 1656
14 459603 45943 6270 0 639 406751 16290833 625217 4368 305354 9608 22448 1550
15 460613 45515 6275 0 626 408197 16311150 620265 6289 309910 9764 31567 1943
16 458542 46301 6273 0 640 405328 16306956 626801 16565 306234 9450 24733 1885
17 424803 45221 5972 0 647 372963 15035748 612374 7003 242886 9453 23241 670
18 459150 46563 6258 0 652 405677 16268869 642137 13806 299993 9187 27649 1484
19 459925 46687 6257 0 631 406350 16308149 672227 17245 266731 9495 16275 1701
20 458083 46708 6241 0 631 404503 16294825 637054 5724 327894 9866 15408 2206
28 475093 47374 6218 0 643 420858 16277849 674637 19570 260434 11048 19929 710
29 473039 47416 6223 0 630 418770 16277395 658933 14040 261663 9524 31146 1363
30 479198 47542 6238 0 623 424795 16299224 681458 4709 261873 8801 14689 4899
31 481133 47604 6230 0 618 426681 16295221 662600 13745 267449 9985 20452 1608
32 486766 47818 6233 0 616 432099 16211721 610737 33299 287478 9445 21090 4486
33 486470 48010 6232 0 620 431608 16300180 617997 36896 276749 11003 21500 1665
34 483760 48181 6232 0 619 428728 16285949 662918 18491 265511 10194 23548 594
35 484586 48251 6223 0 624 429488 16292663 681951 13434 252015 9984 16072 394
36 485295 48401 6225 0 632 430037 16288686 649012 21642 264564 10219 23966 1102
37 486620 48291 6224 0 630 431475 16265734 660336 12945 274946 10724 14626 2627
38 486579 48600 6224 0 634 431121 16277999 646727 14975 285807 10071 15412 6404
39 485704 48600 6228 0 628 430248 16267845 686018 9867 256742 10625 17897 3296
40 485057 48595 6066 0 641 429755 16290487 673554 21090 248468 10773 20595 12750
41 489082 48933 6219 0 644 433286 16291817 634928 8442 279499 10984 35333 8438
42 488926 49254 6219 0 645 432808 16235747 649857 23549 273939 9670 11577 2152
43 491088 49403 6217 0 650 434818 16301478 656914 12817 260176 10376 17653 5124
44 489544 49447 6224 0 649 433224 16284374 683279 12903 258094 10659 11506 3551
45 489430 49531 6215 0 644 433040 16289612 669007 27629 250686 9896 14514 1474
46 490491 49630 6215 0 639 434007 16272194 657311 34106 250730 10151 20090 4818
47 493033 49693 6213 0 649 436478 16286997 632273 17935 290578 10444 19153 1963
48 491623 49799 6212 0 654 434958 16285015 636962 25147 279554 9779 21982 6663
49 487414 49865 6210 0 651 430688 16276948 663366 21402 276904 9609 14565 3444
50 490996 49899 6211 0 648 434238 16258252 672326 17534 262477 10192 16354 583
51 491705 49970 6217 0 646 434872 16289081 622045 30354 270828 9701 36034 4373
52 487535 49998 6209 0 650 430678 16279888 654215 34017 263446 10410 15830 2858
53 488422 50128 6196 0 647 431451 16283318 630974 26119 283357 11072 26478 2001
54 488592 50241 6206 0 644 431501 16269564 659921 31750 274520 12420 12963 4441
55 488330 50439 6209 0 643 431039 16279647 675526 12478 273010 9090 11381 6787
56 488670 50536 6209 0 648 431277 16283640 693208 4458 253644 10214 15420 9588
57 484985 50551 6175 0 672 427587 16262952 665901 16307 288841 9499 12895 5307
58 486922 50760 6202 0 637 429323 16283648 662248 11143 285269 9691 10476 7531
59 485950 50886 6203 0 624 428237 16281242 667371 8414 282886 8994 14862 3746
60 486874 50981 6199 0 629 429065 16278203 630708 2660 331835 9850 9916 3121
61 688241 52643 6225 50714 736 577923 18268128 792399 5383 407202 11784 13066 1935
62 689693 52734 6220 50722 737 579280 18277276 812339 10296 369842 11478 14841 3747
63 695886 52654 6218 50716 738 585560 18245948 836569 10589 368576 12149 15404 13136
64 690622 51720 6055 50724 742 581381 18260031 797107 8868 389470 11122 20313 4490
65 691906 52979 6215 50724 724 581264 18266321 792542 17461 390675 12628 13904 4195
